[ 0.03, 
0.0291938, 
0.0287513, 
0.0283132, 
0.0278803, 
0.0274529, 
0.0270311, 
0.026615, 
0.0262046, 
0.0258003, 
0.0254017, 
0.0250088, 
0.0246216, 
0.02424, 
0.0238639, 
0.0234934, 
0.0231283, 
0.0227686, 
0.0224142, 
0.0220651, 
0.0217212, 
0.0213824, 
0.0210487, 
0.02072, 
0.0203962, 
0.0200774, 
0.0197633, 
0.019454, 
0.0191494, 
0.0188494, 
0.018554, 
0.0182632, 
0.017977, 
0.017695, 
0.0174174, 
0.0171441, 
0.0168749, 
0.0166099, 
0.0163489, 
0.0160919, 
0.0158389, 
0.0155898, 
0.0153445, 
0.015103, 
0.0148652, 
0.0146311, 
0.0144006, 
0.0141737, 
0.0139503, 
0.0137304, 
0.0135138, 
0.0133007, 
0.0130909, 
0.0128844, 
0.0126812, 
0.0124812, 
0.0122842, 
0.0120903, 
0.0118995, 
0.0117116, 
0.0115266, 
0.0113446, 
0.0111653, 
0.0109889, 
0.0108152, 
0.0106443, 
0.010476, 
0.0103104, 
0.0101473, 
0.00998681, 
0.00982882, 
0.00967331, 
0.00952024, 
0.00936957, 
0.00922132, 
0.00907546, 
0.00893188, 
0.00879056, 
0.00865146, 
0.00851453, 
0.00837976, 
0.00824711, 
0.00811654, 
0.00798802, 
0.00786152, 
0.00773701, 
0.00761445, 
0.00749382, 
0.00737509, 
0.00725823, 
0.0071432, 
0.00702999, 
0.00691855, 
0.00680886, 
0.00670091, 
0.00659464, 
0.00649011, 
0.00638725, 
0.006286, 
0.00618635, 
0.00608826, 
0.00599171, 
0.00589667, 
0.00580313, 
0.00571106, 
0.00562043, 
0.00553123, 
0.00544343, 
0.005357, 
0.00527193, 
0.00518819, 
0.00510577, 
0.00502464, 
0.00494478, 
0.00486617, 
0.00478879, 
0.00471262, 
0.00463764, 
0.00456389, 
0.00449129, 
0.00441983, 
0.00434948, 
0.00428023, 
0.00421206, 
0.00414494, 
0.00407888, 
0.00401383, 
0.0039498 ] // Standard Result for the Large Dataset of PMPH Project.

