0.5040284434109076 9.0000 108 0.1000 0.0100
0.6744407552455050 9.0000 108 0.1000 0.0100
0.7112643902424829 9.0000 108 0.1000 0.0100
0.6199743692193931 9.0000 108 0.1000 0.0100
0.7963011684254593 9.0000 108 0.1000 0.0100
0.5298928812195756 9.0000 108 0.1000 0.0100
0.7815241055499937 9.0000 108 0.1000 0.0100
0.7991851676855408 9.0000 108 0.1000 0.0100
0.5893581992964955 9.0000 108 0.1000 0.0100
0.7569414451902508 9.0000 108 0.1000 0.0100
0.6870387964577978 9.0000 108 0.1000 0.0100
0.5068666649049561 9.0000 108 0.1000 0.0100
0.5410168783656044 9.0000 108 0.1000 0.0100
0.5353679020371273 9.0000 108 0.1000 0.0100
0.7785943285238791 9.0000 108 0.1000 0.0100
0.6701651118980190 9.0000 108 0.1000 0.0100
0.7816065055288531 9.0000 108 0.1000 0.0100
0.7892697035627843 9.0000 108 0.1000 0.0100
0.7890133480729993 9.0000 108 0.1000 0.0100
0.7255012754787585 9.0000 108 0.1000 0.0100
0.6470290289449201 9.0000 108 0.1000 0.0100
0.5250312824668667 9.0000 108 0.1000 0.0100
0.5064363539042455 9.0000 108 0.1000 0.0100
0.5363109240174079 9.0000 108 0.1000 0.0100
0.6133732153574286 9.0000 108 0.1000 0.0100
0.6653950686773761 9.0000 108 0.1000 0.0100
0.7599444666420183 9.0000 108 0.1000 0.0100
0.7737693519839967 9.0000 108 0.1000 0.0100
0.7421002934423391 9.0000 108 0.1000 0.0100
0.6511124056750675 9.0000 108 0.1000 0.0100
0.6017548183382428 9.0000 108 0.1000 0.0100
0.6074587279859598 9.0000 108 0.1000 0.0100
0.5954100199660635 9.0000 108 0.1000 0.0100
0.5324198139045994 9.0000 108 0.1000 0.0100
0.5206091502680749 9.0000 108 0.1000 0.0100
0.7030152368033289 9.0000 108 0.1000 0.0100
0.6311441441314550 9.0000 108 0.1000 0.0100
0.7219122986217681 9.0000 108 0.1000 0.0100
0.6704672451538369 9.0000 108 0.1000 0.0100
0.7732749521108397 9.0000 108 0.1000 0.0100
0.7364787837734816 9.0000 108 0.1000 0.0100
0.7308572741046242 9.0000 108 0.1000 0.0100
0.6490890284164070 9.0000 108 0.1000 0.0100
0.5801751794302675 9.0000 108 0.1000 0.0100
0.7098910572614916 9.0000 108 0.1000 0.0100
0.7608233997498528 9.0000 108 0.1000 0.0100
0.6107547271403386 9.0000 108 0.1000 0.0100
0.5340769690349955 9.0000 108 0.1000 0.0100
0.7507889134354102 9.0000 108 0.1000 0.0100
0.5723471814386175 9.0000 108 0.1000 0.0100
0.6475692065841100 9.0000 108 0.1000 0.0100
0.5873531331442483 9.0000 108 0.1000 0.0100
0.7660329095244127 9.0000 108 0.1000 0.0100
0.7027863479731637 9.0000 108 0.1000 0.0100
0.6236457460552429 9.0000 108 0.1000 0.0100
0.7692739753595520 9.0000 108 0.1000 0.0100
0.7529313128857565 9.0000 108 0.1000 0.0100
0.7548906012719706 9.0000 108 0.1000 0.0100
0.6966612828779428 9.0000 108 0.1000 0.0100
0.5589159848845234 9.0000 108 0.1000 0.0100
0.7679189534849740 9.0000 108 0.1000 0.0100
0.7283028747599807 9.0000 108 0.1000 0.0100
0.5110141305075496 9.0000 108 0.1000 0.0100
0.7431165598482725 9.0000 108 0.1000 0.0100
0.6403180084444764 9.0000 108 0.1000 0.0100
0.7155949669092085 9.0000 108 0.1000 0.0100
0.5971495750753190 9.0000 108 0.1000 0.0100
0.7561357565080693 9.0000 108 0.1000 0.0100
0.6407116972323605 9.0000 108 0.1000 0.0100
0.7348948730687385 9.0000 108 0.1000 0.0100
0.6611652030959232 9.0000 108 0.1000 0.0100
0.5481490543135522 9.0000 108 0.1000 0.0100
0.5630634504871168 9.0000 108 0.1000 0.0100
0.5208838168642732 9.0000 108 0.1000 0.0100
0.6993530155206856 9.0000 108 0.1000 0.0100
0.5792687796628133 9.0000 108 0.1000 0.0100
0.5301034589433276 9.0000 108 0.1000 0.0100
0.7460921146404202 9.0000 108 0.1000 0.0100
0.5218451499509670 9.0000 108 0.1000 0.0100
0.5860347334824967 9.0000 108 0.1000 0.0100
0.6814355978953535 9.0000 108 0.1000 0.0100
0.6942808390442248 9.0000 108 0.1000 0.0100
0.6198553470277073 9.0000 108 0.1000 0.0100
0.6172277032574106 9.0000 108 0.1000 0.0100
0.6534379161895458 9.0000 108 0.1000 0.0100
0.7579302449365646 9.0000 108 0.1000 0.0100
0.5608111843982913 9.0000 108 0.1000 0.0100
0.7859187710891656 9.0000 108 0.1000 0.0100
0.5107486194645580 9.0000 108 0.1000 0.0100
0.5815759790708785 9.0000 108 0.1000 0.0100
0.5458418549054870 9.0000 108 0.1000 0.0100
0.5345896800145655 9.0000 108 0.1000 0.0100
0.7383739832872496 9.0000 108 0.1000 0.0100
0.6229224573519210 9.0000 108 0.1000 0.0100
0.5138889742144246 9.0000 108 0.1000 0.0100
0.7602557554510430 9.0000 108 0.1000 0.0100
0.5538438084080625 9.0000 108 0.1000 0.0100
0.6536210272536780 9.0000 108 0.1000 0.0100
0.6269142785500021 9.0000 108 0.1000 0.0100
0.5962981086271044 9.0000 108 0.1000 0.0100
0.5490920762938328 9.0000 108 0.1000 0.0100
0.5715506483096426 9.0000 108 0.1000 0.0100
0.5204901280763889 9.0000 108 0.1000 0.0100
0.5982116192472855 9.0000 108 0.1000 0.0100
0.5209387501835128 9.0000 108 0.1000 0.0100
0.6465254735185566 9.0000 108 0.1000 0.0100
0.5543107416215995 9.0000 108 0.1000 0.0100
0.5297189257086501 9.0000 108 0.1000 0.0100
0.5999877965693674 9.0000 108 0.1000 0.0100
0.5712393595006180 9.0000 108 0.1000 0.0100
0.6466902734762756 9.0000 108 0.1000 0.0100
0.7965300572556244 9.0000 108 0.1000 0.0100
0.7370922058383244 9.0000 108 0.1000 0.0100
0.7394085607995963 9.0000 108 0.1000 0.0100
0.5278054150884689 9.0000 108 0.1000 0.0100
0.5242713715507181 9.0000 108 0.1000 0.0100
0.6567796931099579 9.0000 108 0.1000 0.0100
0.6228675240326813 9.0000 108 0.1000 0.0100
0.5957396198815013 9.0000 108 0.1000 0.0100
0.7278267859932369 9.0000 108 0.1000 0.0100
0.7371196724979442 9.0000 108 0.1000 0.0100
0.6696340898120356 9.0000 108 0.1000 0.0100
0.6099215717985373 9.0000 108 0.1000 0.0100
0.7685415311030235 9.0000 108 0.1000 0.0100
0.5252143935309987 9.0000 108 0.1000 0.0100
0.7947172577207160 9.0000 108 0.1000 0.0100
0.5061433762016341 9.0000 108 0.1000 0.0100
0.7465407367475440 9.0000 108 0.1000 0.0100
0.7479964697073948 9.0000 108 0.1000 0.0100
0.6855372857319140 9.0000 108 0.1000 0.0100
0.5677602492821068 9.0000 108 0.1000 0.0100
0.7248603867542960 9.0000 108 0.1000 0.0100
0.7272591416944273 9.0000 108 0.1000 0.0100
0.6939695502352001 9.0000 108 0.1000 0.0100
0.7372020724768037 9.0000 108 0.1000 0.0100
0.7322122959792022 9.0000 108 0.1000 0.0100
0.6588213814750314 9.0000 108 0.1000 0.0100
0.7366527392844072 9.0000 108 0.1000 0.0100
0.5023163549612718 9.0000 108 0.1000 0.0100
0.5414471893663151 9.0000 108 0.1000 0.0100
0.6647267132932937 9.0000 108 0.1000 0.0100
0.7757103292637975 9.0000 108 0.1000 0.0100
0.6420117857876988 9.0000 108 0.1000 0.0100
0.7703909528507582 9.0000 108 0.1000 0.0100
0.6781945320602143 9.0000 108 0.1000 0.0100
0.6014709961888380 9.0000 108 0.1000 0.0100
0.7652546875018510 9.0000 108 0.1000 0.0100
0.7020264370570152 9.0000 108 0.1000 0.0100
0.5704794485844695 9.0000 108 0.1000 0.0100
0.6893734625254828 9.0000 108 0.1000 0.0100
0.5281167038974937 9.0000 108 0.1000 0.0100
0.6709616450269938 9.0000 108 0.1000 0.0100
0.6791558651469081 9.0000 108 0.1000 0.0100
0.6526505386137775 9.0000 108 0.1000 0.0100
0.5631641615723896 9.0000 108 0.1000 0.0100
0.5128727078084910 9.0000 108 0.1000 0.0100
0.6471022733705729 9.0000 108 0.1000 0.0100
0.6627948915666994 9.0000 108 0.1000 0.0100
0.5054292430515186 9.0000 108 0.1000 0.0100
0.7240363869657012 9.0000 108 0.1000 0.0100
0.6316202328981987 9.0000 108 0.1000 0.0100
0.5597582957795313 9.0000 108 0.1000 0.0100
0.6494735616510845 9.0000 108 0.1000 0.0100
0.5275215929390641 9.0000 108 0.1000 0.0100
0.6930631504677458 9.0000 108 0.1000 0.0100
0.5235938606134292 9.0000 108 0.1000 0.0100
0.7218848319621483 9.0000 108 0.1000 0.0100
0.6933011948511176 9.0000 108 0.1000 0.0100
0.6222815686274583 9.0000 108 0.1000 0.0100
0.7295297188896661 9.0000 108 0.1000 0.0100
0.5035981324101970 9.0000 108 0.1000 0.0100
0.5087710199719305 9.0000 108 0.1000 0.0100
0.5163701291334154 9.0000 108 0.1000 0.0100
0.5582750961600608 9.0000 108 0.1000 0.0100
0.5864009556107610 9.0000 108 0.1000 0.0100
0.6468642289872011 9.0000 108 0.1000 0.0100
0.7620319327731250 9.0000 108 0.1000 0.0100
0.7835566383618607 9.0000 108 0.1000 0.0100
0.7978850791302025 9.0000 108 0.1000 0.0100
0.7283852747388402 9.0000 108 0.1000 0.0100
0.5358073685910445 9.0000 108 0.1000 0.0100
0.6085940165835793 9.0000 108 0.1000 0.0100
0.5794885129397719 9.0000 108 0.1000 0.0100
0.6256325011010768 9.0000 108 0.1000 0.0100
0.6808954202561637 9.0000 108 0.1000 0.0100
0.7735496187070381 9.0000 108 0.1000 0.0100
0.6517624499527366 9.0000 108 0.1000 0.0100
0.6041169510655477 9.0000 108 0.1000 0.0100
0.7695120197429238 9.0000 108 0.1000 0.0100
0.7056520361268321 9.0000 108 0.1000 0.0100
0.6512863611859929 9.0000 108 0.1000 0.0100
0.6491531172888532 9.0000 108 0.1000 0.0100
0.7104678571135079 9.0000 108 0.1000 0.0100
0.6340739211575697 9.0000 108 0.1000 0.0100
0.7736777964519306 9.0000 108 0.1000 0.0100
0.6743949774794719 9.0000 108 0.1000 0.0100
0.6112125048006691 9.0000 108 0.1000 0.0100
0.5412823894085961 9.0000 108 0.1000 0.0100
0.6070558836448690 9.0000 108 0.1000 0.0100
0.7589922891085310 9.0000 108 0.1000 0.0100
0.5537705639824096 9.0000 108 0.1000 0.0100
0.5727866479925348 9.0000 108 0.1000 0.0100
0.7902768144155111 9.0000 108 0.1000 0.0100
0.7103946126878551 9.0000 108 0.1000 0.0100
0.5938901981337665 9.0000 108 0.1000 0.0100
0.7771385955640284 9.0000 108 0.1000 0.0100
0.6803094648509407 9.0000 108 0.1000 0.0100
0.7995788564734250 9.0000 108 0.1000 0.0100
0.5427747445812733 9.0000 108 0.1000 0.0100
0.5981383748216327 9.0000 108 0.1000 0.0100
0.6632801358866496 9.0000 108 0.1000 0.0100
0.5656270053849671 9.0000 108 0.1000 0.0100
0.7409375381850999 9.0000 108 0.1000 0.0100
0.7910641919912794 9.0000 108 0.1000 0.0100
0.7933073025268984 9.0000 108 0.1000 0.0100
0.5365581239539863 9.0000 108 0.1000 0.0100
0.6832300863238487 9.0000 108 0.1000 0.0100
0.6846675081772862 9.0000 108 0.1000 0.0100
0.7937559246340222 9.0000 108 0.1000 0.0100
0.7631214436047113 9.0000 108 0.1000 0.0100
0.6048219286624565 9.0000 108 0.1000 0.0100
0.6611560475427165 9.0000 108 0.1000 0.0100
0.6050874397054482 9.0000 108 0.1000 0.0100
0.7126926565427136 9.0000 108 0.1000 0.0100
0.7871364596656445 9.0000 108 0.1000 0.0100
0.6756492882687772 9.0000 108 0.1000 0.0100
0.5138706631080113 9.0000 108 0.1000 0.0100
0.7199346991291408 9.0000 108 0.1000 0.0100
0.6933195059575310 9.0000 108 0.1000 0.0100
0.7872463263041238 9.0000 108 0.1000 0.0100
0.6470839622641598 9.0000 108 0.1000 0.0100
0.5411633672169103 9.0000 108 0.1000 0.0100
0.7926481026960226 9.0000 108 0.1000 0.0100
0.5234290606557103 9.0000 108 0.1000 0.0100
0.6663014684448303 9.0000 108 0.1000 0.0100
0.6093447719465210 9.0000 108 0.1000 0.0100
0.7830805495951171 9.0000 108 0.1000 0.0100
0.6498397837793488 9.0000 108 0.1000 0.0100
0.6460860069646395 9.0000 108 0.1000 0.0100
0.6364818316509075 9.0000 108 0.1000 0.0100
0.6714926671129771 9.0000 108 0.1000 0.0100
0.5670827383448178 9.0000 108 0.1000 0.0100
0.6708884006013409 9.0000 108 0.1000 0.0100
0.5604174956104071 9.0000 108 0.1000 0.0100
0.5208838168642732 9.0000 108 0.1000 0.0100
0.6066530393037782 9.0000 108 0.1000 0.0100
0.7348674064091186 9.0000 108 0.1000 0.0100
0.5828028232005641 9.0000 108 0.1000 0.0100
0.5239234605288671 9.0000 108 0.1000 0.0100
0.6476882287757959 9.0000 108 0.1000 0.0100
0.5790307352794415 9.0000 108 0.1000 0.0100
0.7951475687214267 9.0000 108 0.1000 0.0100
0.5122959079564747 9.0000 108 0.1000 0.0100
0.7265450085443119 9.0000 108 0.1000 0.0100
0.7501480247109475 9.0000 108 0.1000 0.0100
0.7398205606938937 9.0000 108 0.1000 0.0100
0.5611133176541093 9.0000 108 0.1000 0.0100
0.7610248219203981 9.0000 108 0.1000 0.0100
0.6154698370417420 9.0000 108 0.1000 0.0100
0.6029908180211350 9.0000 108 0.1000 0.0100
0.5978362415658145 9.0000 108 0.1000 0.0100
0.5610492287816631 9.0000 108 0.1000 0.0100
0.6182165030037243 9.0000 108 0.1000 0.0100
0.7861018821532978 9.0000 108 0.1000 0.0100
0.6750816439699674 9.0000 108 0.1000 0.0100
0.5478469210577341 9.0000 108 0.1000 0.0100
0.6075411279648193 9.0000 108 0.1000 0.0100
0.6530900051676947 9.0000 108 0.1000 0.0100
0.7166295444215551 9.0000 108 0.1000 0.0100
0.7533250016736407 9.0000 108 0.1000 0.0100
0.6279488560623487 9.0000 108 0.1000 0.0100
0.6999664375855283 9.0000 108 0.1000 0.0100
0.7960997462549140 9.0000 108 0.1000 0.0100
0.6216132132433759 9.0000 108 0.1000 0.0100
0.5020325328118670 9.0000 108 0.1000 0.0100
0.5437910109872067 9.0000 108 0.1000 0.0100
0.7575731783615068 9.0000 108 0.1000 0.0100
0.7846553047466538 9.0000 108 0.1000 0.0100
0.6913419064649036 9.0000 108 0.1000 0.0100
0.5778313578093759 9.0000 108 0.1000 0.0100
0.5376293236791595 9.0000 108 0.1000 0.0100
0.6336802323696855 9.0000 108 0.1000 0.0100
0.7694204642108577 9.0000 108 0.1000 0.0100
0.5897976658504127 9.0000 108 0.1000 0.0100
0.5980651303959797 9.0000 108 0.1000 0.0100
0.6584368482403539 9.0000 108 0.1000 0.0100
0.6915799508482754 9.0000 108 0.1000 0.0100
0.7900845477981724 9.0000 108 0.1000 0.0100
0.5287850592815759 9.0000 108 0.1000 0.0100
0.6760979103759011 9.0000 108 0.1000 0.0100
0.5957121532218814 9.0000 108 0.1000 0.0100
0.6467726734551351 9.0000 108 0.1000 0.0100
0.6301370332787282 9.0000 108 0.1000 0.0100
0.5216620388868349 9.0000 108 0.1000 0.0100
0.7185613661481496 9.0000 108 0.1000 0.0100
0.6744224441390917 9.0000 108 0.1000 0.0100
0.6341746322428423 9.0000 108 0.1000 0.0100
0.6217871687543015 9.0000 108 0.1000 0.0100
0.7617389550705136 9.0000 108 0.1000 0.0100
0.7734214409621456 9.0000 108 0.1000 0.0100
0.6741019997768605 9.0000 108 0.1000 0.0100
0.6238746348854081 9.0000 108 0.1000 0.0100
0.5919675319603788 9.0000 108 0.1000 0.0100
0.5667439828761733 9.0000 108 0.1000 0.0100
0.7613818884954557 9.0000 108 0.1000 0.0100
0.7023194147596268 9.0000 108 0.1000 0.0100
0.7099093683679047 9.0000 108 0.1000 0.0100
0.7311410962540290 9.0000 108 0.1000 0.0100
0.5797814906423834 9.0000 108 0.1000 0.0100
0.7137180785018539 9.0000 108 0.1000 0.0100
0.7718100635977825 9.0000 108 0.1000 0.0100
0.5694540266253294 9.0000 108 0.1000 0.0100
0.6558549822360904 9.0000 108 0.1000 0.0100
0.6230964128628464 9.0000 108 0.1000 0.0100
0.5985686858223432 9.0000 108 0.1000 0.0100
0.7211066099395866 9.0000 108 0.1000 0.0100
0.7151280336956715 9.0000 108 0.1000 0.0100
0.6728293778811418 9.0000 108 0.1000 0.0100
0.7564378897638875 9.0000 108 0.1000 0.0100
0.5574053186054331 9.0000 108 0.1000 0.0100
0.7833735272977286 9.0000 108 0.1000 0.0100
0.5161687069628700 9.0000 108 0.1000 0.0100
0.5437452332211737 9.0000 108 0.1000 0.0100
0.6588763147942711 9.0000 108 0.1000 0.0100
0.5424176780062155 9.0000 108 0.1000 0.0100
0.5874172220166946 9.0000 108 0.1000 0.0100
0.6681234235329453 9.0000 108 0.1000 0.0100
0.5211584834604714 9.0000 108 0.1000 0.0100
0.6998840376066688 9.0000 108 0.1000 0.0100
0.7303903408910872 9.0000 108 0.1000 0.0100
0.6484756063515642 9.0000 108 0.1000 0.0100
0.6865352410314343 9.0000 108 0.1000 0.0100
0.6819574644281302 9.0000 108 0.1000 0.0100
0.5571855853284744 9.0000 108 0.1000 0.0100
0.6261269009742337 9.0000 108 0.1000 0.0100
0.6479262731591677 9.0000 108 0.1000 0.0100
0.6090334831374964 9.0000 108 0.1000 0.0100
0.7591754001726632 9.0000 108 0.1000 0.0100
0.6195898359847155 9.0000 108 0.1000 0.0100
0.5222388387388511 9.0000 108 0.1000 0.0100
0.6631702692481702 9.0000 108 0.1000 0.0100
0.5418408781541992 9.0000 108 0.1000 0.0100
0.6071840613897614 9.0000 108 0.1000 0.0100
0.5398907453211916 9.0000 108 0.1000 0.0100
0.7070070580014101 9.0000 108 0.1000 0.0100
0.6057557950895307 9.0000 108 0.1000 0.0100
0.7720206413215345 9.0000 108 0.1000 0.0100
0.6474227177328042 9.0000 108 0.1000 0.0100
0.7633503324348765 9.0000 108 0.1000 0.0100
0.5450727884361319 9.0000 108 0.1000 0.0100
0.7936094357827166 9.0000 108 0.1000 0.0100
0.5700766042433787 9.0000 108 0.1000 0.0100
0.7149723892911590 9.0000 108 0.1000 0.0100
0.6859035078601783 9.0000 108 0.1000 0.0100
0.5205633725020419 9.0000 108 0.1000 0.0100
0.5312753697537734 9.0000 108 0.1000 0.0100
0.7337962066839455 9.0000 108 0.1000 0.0100
0.5360271018680031 9.0000 108 0.1000 0.0100
0.6087771276477113 9.0000 108 0.1000 0.0100
0.5756889583590296 9.0000 108 0.1000 0.0100
0.7990386788342352 9.0000 108 0.1000 0.0100
0.5681447825167845 9.0000 108 0.1000 0.0100
0.6592425369225354 9.0000 108 0.1000 0.0100
0.7929960137178738 9.0000 108 0.1000 0.0100
0.5134861298733338 9.0000 108 0.1000 0.0100
0.7083163021099550 9.0000 108 0.1000 0.0100
0.6402630751252367 9.0000 108 0.1000 0.0100
0.6890072403972185 9.0000 108 0.1000 0.0100
0.5775933134260040 9.0000 108 0.1000 0.0100
0.7515396687983520 9.0000 108 0.1000 0.0100
0.7280373637169890 9.0000 108 0.1000 0.0100
0.6012695740182927 9.0000 108 0.1000 0.0100
0.5302682589010466 9.0000 108 0.1000 0.0100
0.5764580248283846 9.0000 108 0.1000 0.0100
0.5502914537638985 9.0000 108 0.1000 0.0100
0.7057161249992784 9.0000 108 0.1000 0.0100
0.7163365667189439 9.0000 108 0.1000 0.0100
0.5808435348143499 9.0000 108 0.1000 0.0100
0.7671956647816520 9.0000 108 0.1000 0.0100
0.5114902192742932 9.0000 108 0.1000 0.0100
0.6895016402703753 9.0000 108 0.1000 0.0100
0.5099246196759633 9.0000 108 0.1000 0.0100
0.7738700630692693 9.0000 108 0.1000 0.0100
0.6907742621660939 9.0000 108 0.1000 0.0100
0.5105929750600456 9.0000 108 0.1000 0.0100
0.6993347044142725 9.0000 108 0.1000 0.0100
0.5590716292890358 9.0000 108 0.1000 0.0100
0.5403027452154890 9.0000 108 0.1000 0.0100
0.7502304246898072 9.0000 108 0.1000 0.0100
0.6045838842790847 9.0000 108 0.1000 0.0100
0.5042573322410727 9.0000 108 0.1000 0.0100
0.7217841208768756 9.0000 108 0.1000 0.0100
0.7553300678258879 9.0000 108 0.1000 0.0100
0.7389599386924725 9.0000 108 0.1000 0.0100
0.5573961630522264 9.0000 108 0.1000 0.0100
0.6777184432934706 9.0000 108 0.1000 0.0100
0.5889004216361651 9.0000 108 0.1000 0.0100
0.7916776140561221 9.0000 108 0.1000 0.0100
0.6660725796146652 9.0000 108 0.1000 0.0100
0.6698355119825810 9.0000 108 0.1000 0.0100
0.5024903104721974 9.0000 108 0.1000 0.0100
0.6481368508829197 9.0000 108 0.1000 0.0100
0.6040437066398949 9.0000 108 0.1000 0.0100
0.5367320794649119 9.0000 108 0.1000 0.0100
0.6504989836102246 9.0000 108 0.1000 0.0100
0.6843195971554351 9.0000 108 0.1000 0.0100
0.7758110403490703 9.0000 108 0.1000 0.0100
0.6178685919818732 9.0000 108 0.1000 0.0100
0.6059938394729025 9.0000 108 0.1000 0.0100
0.5569383853918961 9.0000 108 0.1000 0.0100
0.6333780991138673 9.0000 108 0.1000 0.0100
0.5404583896200014 9.0000 108 0.1000 0.0100
0.7872005485380908 9.0000 108 0.1000 0.0100
0.6614948030113610 9.0000 108 0.1000 0.0100
0.7898831256276269 9.0000 108 0.1000 0.0100
0.7165471444426958 9.0000 108 0.1000 0.0100
0.5540910083446409 9.0000 108 0.1000 0.0100
0.6798699982970235 9.0000 108 0.1000 0.0100
0.6640308912495915 9.0000 108 0.1000 0.0100
0.7466963811520564 9.0000 108 0.1000 0.0100
0.7845729047677943 9.0000 108 0.1000 0.0100
0.5895321548074210 9.0000 108 0.1000 0.0100
0.7401959383753647 9.0000 108 0.1000 0.0100
0.7775872176711522 9.0000 108 0.1000 0.0100
0.5893490437432889 9.0000 108 0.1000 0.0100
0.6560747155130490 9.0000 108 0.1000 0.0100
0.6781670654005945 9.0000 108 0.1000 0.0100
0.6100405939902233 9.0000 108 0.1000 0.0100
0.7752617071566739 9.0000 108 0.1000 0.0100
0.6810693757670891 9.0000 108 0.1000 0.0100
0.5571581186688546 9.0000 108 0.1000 0.0100
0.5046418654757503 9.0000 108 0.1000 0.0100
0.7160252779099191 9.0000 108 0.1000 0.0100
0.7270668750770886 9.0000 108 0.1000 0.0100
0.6883388850131360 9.0000 108 0.1000 0.0100
0.5815576679644653 9.0000 108 0.1000 0.0100
0.6401348973803442 9.0000 108 0.1000 0.0100
0.5915646876192880 9.0000 108 0.1000 0.0100
0.6802819981913208 9.0000 108 0.1000 0.0100
0.6616870696286998 9.0000 108 0.1000 0.0100
0.7950010798701209 9.0000 108 0.1000 0.0100
0.5519760755539145 9.0000 108 0.1000 0.0100
0.6917539063592009 9.0000 108 0.1000 0.0100
0.7458174480442220 9.0000 108 0.1000 0.0100
0.7969512127031284 9.0000 108 0.1000 0.0100
0.6532731162318268 9.0000 108 0.1000 0.0100
0.7561632231676891 9.0000 108 0.1000 0.0100
0.6787987985718504 9.0000 108 0.1000 0.0100
0.5262031932773126 9.0000 108 0.1000 0.0100
0.7603106887702826 9.0000 108 0.1000 0.0100
0.5120487080198963 9.0000 108 0.1000 0.0100
0.6955168387271169 9.0000 108 0.1000 0.0100
0.7765434846055989 9.0000 108 0.1000 0.0100
0.7467146922584695 9.0000 108 0.1000 0.0100
0.6240669015027469 9.0000 108 0.1000 0.0100
0.7955961908285504 9.0000 108 0.1000 0.0100
0.5185674619030013 9.0000 108 0.1000 0.0100
0.6421216524261781 9.0000 108 0.1000 0.0100
0.7286507857818316 9.0000 108 0.1000 0.0100
0.6436414742584751 9.0000 108 0.1000 0.0100
0.6864986188186079 9.0000 108 0.1000 0.0100
0.7096896350909463 9.0000 108 0.1000 0.0100
0.5889828216150246 9.0000 108 0.1000 0.0100
0.6420484080005253 9.0000 108 0.1000 0.0100
0.5473708322909905 9.0000 108 0.1000 0.0100
0.6758049326732896 9.0000 108 0.1000 0.0100
0.7934904135910306 9.0000 108 0.1000 0.0100
0.7730185966210548 9.0000 108 0.1000 0.0100
0.7623340660289430 9.0000 108 0.1000 0.0100
0.7837397494259929 9.0000 108 0.1000 0.0100
0.6821588865986756 9.0000 108 0.1000 0.0100
0.5568651409662432 9.0000 108 0.1000 0.0100
0.6992523044354130 9.0000 108 0.1000 0.0100
0.5932859316221303 9.0000 108 0.1000 0.0100
0.6353465430532881 9.0000 108 0.1000 0.0100
0.6234260127782842 9.0000 108 0.1000 0.0100
0.5061159095420142 9.0000 108 0.1000 0.0100
0.5981200637152194 9.0000 108 0.1000 0.0100
0.7091128352389299 9.0000 108 0.1000 0.0100
0.5433332333268763 9.0000 108 0.1000 0.0100
0.6045472620662584 9.0000 108 0.1000 0.0100
0.7828150385521255 9.0000 108 0.1000 0.0100
0.6516708944206704 9.0000 108 0.1000 0.0100
0.6162572146175102 9.0000 108 0.1000 0.0100
0.7127292787555402 9.0000 108 0.1000 0.0100
0.5913449543423295 9.0000 108 0.1000 0.0100
0.7852687268114964 9.0000 108 0.1000 0.0100
0.7627185992636206 9.0000 108 0.1000 0.0100
0.6572924040895278 9.0000 108 0.1000 0.0100
0.7291177189953687 9.0000 108 0.1000 0.0100
0.6878353295867726 9.0000 108 0.1000 0.0100
0.6165776589797414 9.0000 108 0.1000 0.0100
0.5834345563718200 9.0000 108 0.1000 0.0100
0.7700888195949401 9.0000 108 0.1000 0.0100
0.5588885182249036 9.0000 108 0.1000 0.0100
0.5650227388733310 9.0000 108 0.1000 0.0100
0.7225806540058505 9.0000 108 0.1000 0.0100
0.7912015252893785 9.0000 108 0.1000 0.0100
0.7039216365707831 9.0000 108 0.1000 0.0100
0.6327463659426114 9.0000 108 0.1000 0.0100
0.7271309639495348 9.0000 108 0.1000 0.0100
0.7057252805524850 9.0000 108 0.1000 0.0100
0.7217291875576359 9.0000 108 0.1000 0.0100
0.5574877185842926 9.0000 108 0.1000 0.0100
0.5315042585839386 9.0000 108 0.1000 0.0100
0.7175542552954226 9.0000 108 0.1000 0.0100
0.7290810967825423 9.0000 108 0.1000 0.0100
0.6535477828280252 9.0000 108 0.1000 0.0100
0.6489883173311343 9.0000 108 0.1000 0.0100
0.7682943311664450 9.0000 108 0.1000 0.0100
0.5070131537562619 9.0000 108 0.1000 0.0100
0.5103366195702606 9.0000 108 0.1000 0.0100
0.5636036281263068 9.0000 108 0.1000 0.0100
0.5989074412909878 9.0000 108 0.1000 0.0100
0.7032624367399074 9.0000 108 0.1000 0.0100
0.5227515497184212 9.0000 108 0.1000 0.0100
0.6266121452941840 9.0000 108 0.1000 0.0100
0.6980071491993143 9.0000 108 0.1000 0.0100
0.7750236627733020 9.0000 108 0.1000 0.0100
0.6001983742931194 9.0000 108 0.1000 0.0100
0.7167485666132412 9.0000 108 0.1000 0.0100
0.6584276926871473 9.0000 108 0.1000 0.0100
0.5065553760959314 9.0000 108 0.1000 0.0100
0.7512924688617736 9.0000 108 0.1000 0.0100
0.7737601964307901 9.0000 108 0.1000 0.0100
0.6141789040396102 9.0000 108 0.1000 0.0100
0.6860774633711039 9.0000 108 0.1000 0.0100
0.5909329544480321 9.0000 108 0.1000 0.0100
0.6645802244419879 9.0000 108 0.1000 0.0100
0.7794824171849201 9.0000 108 0.1000 0.0100
0.7759849958599958 9.0000 108 0.1000 0.0100
0.6668050238711938 9.0000 108 0.1000 0.0100
0.5914365098743954 9.0000 108 0.1000 0.0100
0.5617908285913984 9.0000 108 0.1000 0.0100
0.5611865620797623 9.0000 108 0.1000 0.0100
0.5520035422135343 9.0000 108 0.1000 0.0100
0.7014221705453791 9.0000 108 0.1000 0.0100
0.6708517783885145 9.0000 108 0.1000 0.0100
0.6097476162876118 9.0000 108 0.1000 0.0100
0.5007965331289749 9.0000 108 0.1000 0.0100
0.5066560871812041 9.0000 108 0.1000 0.0100
0.6953978165354309 9.0000 108 0.1000 0.0100
0.7300241187628229 9.0000 108 0.1000 0.0100
0.7143498116731097 9.0000 108 0.1000 0.0100
0.6747428885013229 9.0000 108 0.1000 0.0100
0.6695242231735563 9.0000 108 0.1000 0.0100
0.5590899403954490 9.0000 108 0.1000 0.0100
0.5132206188303422 9.0000 108 0.1000 0.0100
0.5985412191627234 9.0000 108 0.1000 0.0100
0.6006469964002432 9.0000 108 0.1000 0.0100
0.5664510051735618 9.0000 108 0.1000 0.0100
0.7637073990099343 9.0000 108 0.1000 0.0100
0.6050050397265887 9.0000 108 0.1000 0.0100
0.7808282835062915 9.0000 108 0.1000 0.0100
0.7075747023002197 9.0000 108 0.1000 0.0100
0.7545884680161525 9.0000 108 0.1000 0.0100
0.7120426122650445 9.0000 108 0.1000 0.0100
0.7532883794608142 9.0000 108 0.1000 0.0100
0.7116580790303670 9.0000 108 0.1000 0.0100
0.6715109782193903 9.0000 108 0.1000 0.0100
0.5931577538772378 9.0000 108 0.1000 0.0100
0.6562395154707679 9.0000 108 0.1000 0.0100
0.7378612723076794 9.0000 108 0.1000 0.0100
0.5655812276189341 9.0000 108 0.1000 0.0100
0.7590472224277707 9.0000 108 0.1000 0.0100
0.7155949669092085 9.0000 108 0.1000 0.0100
0.6846034193048400 9.0000 108 0.1000 0.0100
0.6632435136738232 9.0000 108 0.1000 0.0100
0.6155064592545683 9.0000 108 0.1000 0.0100
0.5086245311206249 9.0000 108 0.1000 0.0100
0.7860103266212317 9.0000 108 0.1000 0.0100
0.5141819519170360 9.0000 108 0.1000 0.0100
0.6071474391769350 9.0000 108 0.1000 0.0100
0.6704214673878039 9.0000 108 0.1000 0.0100
0.5801477127706477 9.0000 108 0.1000 0.0100
0.6242683236732922 9.0000 108 0.1000 0.0100
0.5061799984144605 9.0000 108 0.1000 0.0100
0.5649311833412649 9.0000 108 0.1000 0.0100
0.6832941751962950 9.0000 108 0.1000 0.0100
0.7702627751058657 9.0000 108 0.1000 0.0100
0.7557420677201852 9.0000 108 0.1000 0.0100
0.5926175762380479 9.0000 108 0.1000 0.0100
0.5545670971113845 9.0000 108 0.1000 0.0100
0.7432355820399585 9.0000 108 0.1000 0.0100
0.7270210973110555 9.0000 108 0.1000 0.0100
0.5564256744123259 9.0000 108 0.1000 0.0100
0.5854762447368936 9.0000 108 0.1000 0.0100
0.7176549663806954 9.0000 108 0.1000 0.0100
0.7997161897715241 9.0000 108 0.1000 0.0100
0.6580706261120896 9.0000 108 0.1000 0.0100
0.7985717456206980 9.0000 108 0.1000 0.0100
0.6928617282972005 9.0000 108 0.1000 0.0100
0.6249916123766144 9.0000 108 0.1000 0.0100
0.7464674923218911 9.0000 108 0.1000 0.0100
0.5896328658926937 9.0000 108 0.1000 0.0100
0.7038667032515434 9.0000 108 0.1000 0.0100
0.7806085502293330 9.0000 108 0.1000 0.0100
0.7901669477770318 9.0000 108 0.1000 0.0100
0.7978942346834090 9.0000 108 0.1000 0.0100
0.6484023619259114 9.0000 108 0.1000 0.0100
0.7771660622236483 9.0000 108 0.1000 0.0100
0.5956938421154683 9.0000 108 0.1000 0.0100
0.5384075457017211 9.0000 108 0.1000 0.0100
0.5270729708319403 9.0000 108 0.1000 0.0100
0.6253303678452589 9.0000 108 0.1000 0.0100
0.5437269221147605 9.0000 108 0.1000 0.0100
0.5813104680278869 9.0000 108 0.1000 0.0100
0.5434156333057358 9.0000 108 0.1000 0.0100
0.7230567427725941 9.0000 108 0.1000 0.0100
0.7648152209479339 9.0000 108 0.1000 0.0100
0.6118717046315448 9.0000 108 0.1000 0.0100
0.6608264476272786 9.0000 108 0.1000 0.0100
0.6722983557951586 9.0000 108 0.1000 0.0100
0.5266151931716099 9.0000 108 0.1000 0.0100
0.6562212043643547 9.0000 108 0.1000 0.0100
0.5631641615723896 9.0000 108 0.1000 0.0100
0.7846278380870340 9.0000 108 0.1000 0.0100
0.6547563158512975 9.0000 108 0.1000 0.0100
0.6067445948358443 9.0000 108 0.1000 0.0100
0.5160588403243906 9.0000 108 0.1000 0.0100
0.5850825559490095 9.0000 108 0.1000 0.0100
0.5585955405222921 9.0000 108 0.1000 0.0100
0.6316660106642318 9.0000 108 0.1000 0.0100
0.7754814404336323 9.0000 108 0.1000 0.0100
0.7736503297923107 9.0000 108 0.1000 0.0100
0.7845088158953479 9.0000 108 0.1000 0.0100
0.6032471735109199 9.0000 108 0.1000 0.0100
0.6408032527644265 9.0000 108 0.1000 0.0100
0.5536515417907237 9.0000 108 0.1000 0.0100
0.5678701159205861 9.0000 108 0.1000 0.0100
0.7288613635055836 9.0000 108 0.1000 0.0100
0.7990753010470615 9.0000 108 0.1000 0.0100
0.6866542632231202 9.0000 108 0.1000 0.0100
0.7062563026384682 9.0000 108 0.1000 0.0100
0.6193792582609636 9.0000 108 0.1000 0.0100
0.7572252673396558 9.0000 108 0.1000 0.0100
0.5829584676050764 9.0000 108 0.1000 0.0100
0.6250831679086805 9.0000 108 0.1000 0.0100
0.7792809950143748 9.0000 108 0.1000 0.0100
0.7094607462607811 9.0000 108 0.1000 0.0100
0.6873500852668224 9.0000 108 0.1000 0.0100
0.5581835406279947 9.0000 108 0.1000 0.0100
0.7527298907152111 9.0000 108 0.1000 0.0100
0.5362651462513749 9.0000 108 0.1000 0.0100
0.5691793600291311 9.0000 108 0.1000 0.0100
0.7147526560142006 9.0000 108 0.1000 0.0100
0.6101779272883223 9.0000 108 0.1000 0.0100
0.7822931720193489 9.0000 108 0.1000 0.0100
0.6765282213766115 9.0000 108 0.1000 0.0100
0.5546769637498639 9.0000 108 0.1000 0.0100
0.6097293051811985 9.0000 108 0.1000 0.0100
0.7097354128569793 9.0000 108 0.1000 0.0100
0.5633655837429350 9.0000 108 0.1000 0.0100
0.5442945664135702 9.0000 108 0.1000 0.0100
0.6176580142581212 9.0000 108 0.1000 0.0100
0.6742027108621331 9.0000 108 0.1000 0.0100
0.6495376505235307 9.0000 108 0.1000 0.0100
0.5140720852785567 9.0000 108 0.1000 0.0100
0.7225257206866109 9.0000 108 0.1000 0.0100
0.6199285914533601 9.0000 108 0.1000 0.0100
0.6225928574364830 9.0000 108 0.1000 0.0100
0.5905209545537347 9.0000 108 0.1000 0.0100
0.7271950528219810 9.0000 108 0.1000 0.0100
0.7411847381216783 9.0000 108 0.1000 0.0100
0.6411145415734514 9.0000 108 0.1000 0.0100
0.6238654793322015 9.0000 108 0.1000 0.0100
0.5531937641303932 9.0000 108 0.1000 0.0100
0.6067537503890510 9.0000 108 0.1000 0.0100
0.5486617652931223 9.0000 108 0.1000 0.0100
0.7835749494682740 9.0000 108 0.1000 0.0100
0.7416974491012484 9.0000 108 0.1000 0.0100
0.6944364834487371 9.0000 108 0.1000 0.0100
0.5578997184785899 9.0000 108 0.1000 0.0100
0.7434827819765369 9.0000 108 0.1000 0.0100
0.5855952669285795 9.0000 108 0.1000 0.0100
0.5323007917129134 9.0000 108 0.1000 0.0100
0.7142582561410438 9.0000 108 0.1000 0.0100
0.7284493636112863 9.0000 108 0.1000 0.0100
0.5770348246804009 9.0000 108 0.1000 0.0100
0.6937315058518283 9.0000 108 0.1000 0.0100
0.7983153901309130 9.0000 108 0.1000 0.0100
0.6444654740470699 9.0000 108 0.1000 0.0100
0.7046632363805183 9.0000 108 0.1000 0.0100
0.7429883821033800 9.0000 108 0.1000 0.0100
0.6766197769086777 9.0000 108 0.1000 0.0100
0.5639606947013645 9.0000 108 0.1000 0.0100
0.6851344413908232 9.0000 108 0.1000 0.0100
0.6782769320390738 9.0000 108 0.1000 0.0100
0.6599566700726508 9.0000 108 0.1000 0.0100
0.5882869995713222 9.0000 108 0.1000 0.0100
0.5631550060191830 9.0000 108 0.1000 0.0100
0.6691488454920854 9.0000 108 0.1000 0.0100
0.6787163985929909 9.0000 108 0.1000 0.0100
0.6592425369225354 9.0000 108 0.1000 0.0100
0.5644550945745213 9.0000 108 0.1000 0.0100
0.6350718764570900 9.0000 108 0.1000 0.0100
0.5345713689081523 9.0000 108 0.1000 0.0100
0.7414868713774964 9.0000 108 0.1000 0.0100
0.7360301616663578 9.0000 108 0.1000 0.0100
0.7621601105180175 9.0000 108 0.1000 0.0100
0.6379375646107582 9.0000 108 0.1000 0.0100
0.7477126475579898 9.0000 108 0.1000 0.0100
0.7580950448942835 9.0000 108 0.1000 0.0100
0.6047669953432169 9.0000 108 0.1000 0.0100
0.6904812844634824 9.0000 108 0.1000 0.0100
0.6284707225951254 9.0000 108 0.1000 0.0100
0.7621417994116043 9.0000 108 0.1000 0.0100
0.5690237156246187 9.0000 108 0.1000 0.0100
0.5222205276324380 9.0000 108 0.1000 0.0100
0.5985595302691367 9.0000 108 0.1000 0.0100
0.5393047899159688 9.0000 108 0.1000 0.0100
0.7250068756056016 9.0000 108 0.1000 0.0100
0.5424268335594221 9.0000 108 0.1000 0.0100
0.7217474986640491 9.0000 108 0.1000 0.0100
0.6736533776697367 9.0000 108 0.1000 0.0100
0.7445173594888836 9.0000 108 0.1000 0.0100
0.6137669041453128 9.0000 108 0.1000 0.0100
0.7257759420749568 9.0000 108 0.1000 0.0100
0.5845606894162327 9.0000 108 0.1000 0.0100
0.7113193235617224 9.0000 108 0.1000 0.0100
0.5090823087809553 9.0000 108 0.1000 0.0100
0.7696127308281965 9.0000 108 0.1000 0.0100
0.6127323266329661 9.0000 108 0.1000 0.0100
0.6007385519323094 9.0000 108 0.1000 0.0100
0.7601825110253901 9.0000 108 0.1000 0.0100
0.7345561176000940 9.0000 108 0.1000 0.0100
0.7340800288333503 9.0000 108 0.1000 0.0100
0.5754509139756577 9.0000 108 0.1000 0.0100
0.7579302449365646 9.0000 108 0.1000 0.0100
0.5614154509099274 9.0000 108 0.1000 0.0100
0.6359141873520979 9.0000 108 0.1000 0.0100
0.7943235689328318 9.0000 108 0.1000 0.0100
0.7131687453094574 9.0000 108 0.1000 0.0100
0.7053499028710140 9.0000 108 0.1000 0.0100
0.6398785418905591 9.0000 108 0.1000 0.0100
0.7812585945070021 9.0000 108 0.1000 0.0100
0.7376873167967539 9.0000 108 0.1000 0.0100
0.7303354075718476 9.0000 108 0.1000 0.0100
0.7058626138505840 9.0000 108 0.1000 0.0100
0.6509018279513155 9.0000 108 0.1000 0.0100
0.6546922269788511 9.0000 108 0.1000 0.0100
0.5152989294082422 9.0000 108 0.1000 0.0100
0.6013519739971521 9.0000 108 0.1000 0.0100
0.6380016534832045 9.0000 108 0.1000 0.0100
0.6982085713698596 9.0000 108 0.1000 0.0100
0.5935148204522955 9.0000 108 0.1000 0.0100
0.5706717152018083 9.0000 108 0.1000 0.0100
0.6273629006571259 9.0000 108 0.1000 0.0100
0.7106418126244335 9.0000 108 0.1000 0.0100
0.6973021716024054 9.0000 108 0.1000 0.0100
0.7882809038164705 9.0000 108 0.1000 0.0100
0.6312906329827608 9.0000 108 0.1000 0.0100
0.6979796825396944 9.0000 108 0.1000 0.0100
0.5298928812195756 9.0000 108 0.1000 0.0100
0.7306924741469054 9.0000 108 0.1000 0.0100
0.6113681492051815 9.0000 108 0.1000 0.0100
0.6520188054425216 9.0000 108 0.1000 0.0100
0.6363628094592217 9.0000 108 0.1000 0.0100
0.6513596056116457 9.0000 108 0.1000 0.0100
0.5913815765551559 9.0000 108 0.1000 0.0100
0.6989410156263883 9.0000 108 0.1000 0.0100
0.7953764575515918 9.0000 108 0.1000 0.0100
0.5927823761957669 9.0000 108 0.1000 0.0100
0.6584734704531803 9.0000 108 0.1000 0.0100
0.6836054640053197 9.0000 108 0.1000 0.0100
0.7037293699534444 9.0000 108 0.1000 0.0100
0.6203222802412443 9.0000 108 0.1000 0.0100
0.5990630856955002 9.0000 108 0.1000 0.0100
0.5489913652085602 9.0000 108 0.1000 0.0100
0.6756035105027441 9.0000 108 0.1000 0.0100
0.7121433233503172 9.0000 108 0.1000 0.0100
0.5667714495357932 9.0000 108 0.1000 0.0100
0.6201208580706988 9.0000 108 0.1000 0.0100
0.5282540371955927 9.0000 108 0.1000 0.0100
0.6894283958447225 9.0000 108 0.1000 0.0100
0.7289895412504761 9.0000 108 0.1000 0.0100
0.7518692687137900 9.0000 108 0.1000 0.0100
0.6761711548015539 9.0000 108 0.1000 0.0100
0.7215826987063303 9.0000 108 0.1000 0.0100
0.6889889292908051 9.0000 108 0.1000 0.0100
0.7499282914339891 9.0000 108 0.1000 0.0100
0.6054445062805059 9.0000 108 0.1000 0.0100
0.6904904400166889 9.0000 108 0.1000 0.0100
0.5305703921568646 9.0000 108 0.1000 0.0100
0.7245582534984779 9.0000 108 0.1000 0.0100
0.5503646981895514 9.0000 108 0.1000 0.0100
0.7483535362824524 9.0000 108 0.1000 0.0100
0.6820490199601963 9.0000 108 0.1000 0.0100
0.7861476599193308 9.0000 108 0.1000 0.0100
0.6439436075142932 9.0000 108 0.1000 0.0100
0.7534989571845662 9.0000 108 0.1000 0.0100
0.6463332069012180 9.0000 108 0.1000 0.0100
0.5422528780484965 9.0000 108 0.1000 0.0100
0.6644154244842690 9.0000 108 0.1000 0.0100
0.6184179251742696 9.0000 108 0.1000 0.0100
0.6942625279378115 9.0000 108 0.1000 0.0100
0.5053743097322789 9.0000 108 0.1000 0.0100
0.6494735616510845 9.0000 108 0.1000 0.0100
0.7545884680161525 9.0000 108 0.1000 0.0100
0.5677419381756936 9.0000 108 0.1000 0.0100
0.7707846416386424 9.0000 108 0.1000 0.0100
0.7001861708624870 9.0000 108 0.1000 0.0100
0.7482436696439732 9.0000 108 0.1000 0.0100
0.7898739700744204 9.0000 108 0.1000 0.0100
0.5738761588241210 9.0000 108 0.1000 0.0100
0.5463637214382636 9.0000 108 0.1000 0.0100
0.5516281645320633 9.0000 108 0.1000 0.0100
0.6285989003400179 9.0000 108 0.1000 0.0100
0.6864711521589880 9.0000 108 0.1000 0.0100
0.7954588575304513 9.0000 108 0.1000 0.0100
0.5241065715929992 9.0000 108 0.1000 0.0100
0.7111819902636234 9.0000 108 0.1000 0.0100
0.5611865620797623 9.0000 108 0.1000 0.0100
0.7365428726459279 9.0000 108 0.1000 0.0100
0.7073000357040216 9.0000 108 0.1000 0.0100
0.7358928283682586 9.0000 108 0.1000 0.0100
0.5836085118827455 9.0000 108 0.1000 0.0100
0.6216315243497892 9.0000 108 0.1000 0.0100
0.7689260643377009 9.0000 108 0.1000 0.0100
0.5781884243844335 9.0000 108 0.1000 0.0100
0.7413312269729840 9.0000 108 0.1000 0.0100
0.5959318864988401 9.0000 108 0.1000 0.0100
0.6995361265848178 9.0000 108 0.1000 0.0100
0.6381206756748904 9.0000 108 0.1000 0.0100
0.6693868898754572 9.0000 108 0.1000 0.0100
0.5989806857166406 9.0000 108 0.1000 0.0100
0.6964873273670174 9.0000 108 0.1000 0.0100
0.7256660754364774 9.0000 108 0.1000 0.0100
0.7814966388903739 9.0000 108 0.1000 0.0100
0.6085757054771659 9.0000 108 0.1000 0.0100
0.6196813915167816 9.0000 108 0.1000 0.0100
0.5312112808813272 9.0000 108 0.1000 0.0100
0.7462843812577590 9.0000 108 0.1000 0.0100
0.7493789582415926 9.0000 108 0.1000 0.0100
0.7532975350140209 9.0000 108 0.1000 0.0100
0.6777642210595036 9.0000 108 0.1000 0.0100
0.7181676773602654 9.0000 108 0.1000 0.0100
0.6379924979299979 9.0000 108 0.1000 0.0100
0.6579882261332302 9.0000 108 0.1000 0.0100
0.5018494217477348 9.0000 108 0.1000 0.0100
0.6819849310877499 9.0000 108 0.1000 0.0100
0.7865138820475951 9.0000 108 0.1000 0.0100
0.5478560766109407 9.0000 108 0.1000 0.0100
0.5601428290142089 9.0000 108 0.1000 0.0100
0.6208624578804340 9.0000 108 0.1000 0.0100
0.6362346317143291 9.0000 108 0.1000 0.0100
0.7766625067972848 9.0000 108 0.1000 0.0100
0.6083376610937942 9.0000 108 0.1000 0.0100
0.7668294426533877 9.0000 108 0.1000 0.0100
0.5436536776891077 9.0000 108 0.1000 0.0100
0.5674672715794954 9.0000 108 0.1000 0.0100
0.7495895359653446 9.0000 108 0.1000 0.0100
0.7432447375931651 9.0000 108 0.1000 0.0100
0.7903683699475772 9.0000 108 0.1000 0.0100
0.5704062041588166 9.0000 108 0.1000 0.0100
0.6989410156263883 9.0000 108 0.1000 0.0100
0.7587450891719527 9.0000 108 0.1000 0.0100
0.7388958498200262 9.0000 108 0.1000 0.0100
0.7825312164027207 9.0000 108 0.1000 0.0100
0.6610736475638570 9.0000 108 0.1000 0.0100
0.6618152473735923 9.0000 108 0.1000 0.0100
0.5063905761382125 9.0000 108 0.1000 0.0100
0.5145115518324739 9.0000 108 0.1000 0.0100
0.5677694048353135 9.0000 108 0.1000 0.0100
0.6156071703398410 9.0000 108 0.1000 0.0100
0.7778344176077305 9.0000 108 0.1000 0.0100
0.6383220978454358 9.0000 108 0.1000 0.0100
0.5724295814174770 9.0000 108 0.1000 0.0100
0.7020905259294615 9.0000 108 0.1000 0.0100
0.7308298074450044 9.0000 108 0.1000 0.0100
0.7003418152669993 9.0000 108 0.1000 0.0100
0.7481521141119071 9.0000 108 0.1000 0.0100
0.5152256849825894 9.0000 108 0.1000 0.0100
0.7938383246128817 9.0000 108 0.1000 0.0100
0.7343089176635156 9.0000 108 0.1000 0.0100
0.7864406376219423 9.0000 108 0.1000 0.0100
0.5522782088097324 9.0000 108 0.1000 0.0100
0.6096102829895127 9.0000 108 0.1000 0.0100
0.6584093815807340 9.0000 108 0.1000 0.0100
0.6434217409815166 9.0000 108 0.1000 0.0100
0.7627643770296536 9.0000 108 0.1000 0.0100
0.7258034087345766 9.0000 108 0.1000 0.0100
0.7909543253528001 9.0000 108 0.1000 0.0100
0.5303689699863192 9.0000 108 0.1000 0.0100
0.7644306877132563 9.0000 108 0.1000 0.0100
0.7846278380870340 9.0000 108 0.1000 0.0100
0.5689321600925527 9.0000 108 0.1000 0.0100
0.5953825533064436 9.0000 108 0.1000 0.0100
0.6855739079447404 9.0000 108 0.1000 0.0100
0.6333597880074542 9.0000 108 0.1000 0.0100
0.5039643545384613 9.0000 108 0.1000 0.0100
0.7932340581012455 9.0000 108 0.1000 0.0100
0.5431043444967111 9.0000 108 0.1000 0.0100
0.7276802971419313 9.0000 108 0.1000 0.0100
0.5598590068648041 9.0000 108 0.1000 0.0100
0.6900967512288049 9.0000 108 0.1000 0.0100
0.7157414557605142 9.0000 108 0.1000 0.0100
0.7495986915185511 9.0000 108 0.1000 0.0100
0.5861995334402156 9.0000 108 0.1000 0.0100
0.6002258409527392 9.0000 108 0.1000 0.0100
0.5216162611208018 9.0000 108 0.1000 0.0100
0.6119632601636109 9.0000 108 0.1000 0.0100
0.7924558360786839 9.0000 108 0.1000 0.0100
0.5012268441296855 9.0000 108 0.1000 0.0100
0.7599353110888117 9.0000 108 0.1000 0.0100
0.6713187116020516 9.0000 108 0.1000 0.0100
0.6968169272824553 9.0000 108 0.1000 0.0100
0.5249763491476270 9.0000 108 0.1000 0.0100
0.6256141899946637 9.0000 108 0.1000 0.0100
0.5210760834816119 9.0000 108 0.1000 0.0100
0.5342600800991277 9.0000 108 0.1000 0.0100
0.6709891116866136 9.0000 108 0.1000 0.0100
0.5568193632002101 9.0000 108 0.1000 0.0100
0.6867915965212192 9.0000 108 0.1000 0.0100
0.5581652295215815 9.0000 108 0.1000 0.0100
0.5390942121922168 9.0000 108 0.1000 0.0100
0.5242622159975115 9.0000 108 0.1000 0.0100
0.5954924199449229 9.0000 108 0.1000 0.0100
0.7197790547246284 9.0000 108 0.1000 0.0100
0.6283974781694726 9.0000 108 0.1000 0.0100
0.5220282610150991 9.0000 108 0.1000 0.0100
0.7409283826318932 9.0000 108 0.1000 0.0100
0.6601031589239565 9.0000 108 0.1000 0.0100
0.5992461967596323 9.0000 108 0.1000 0.0100
0.5690054045182056 9.0000 108 0.1000 0.0100
0.6165318812137084 9.0000 108 0.1000 0.0100
0.6983825268807853 9.0000 108 0.1000 0.0100
0.5452101217342310 9.0000 108 0.1000 0.0100
0.6805566647875192 9.0000 108 0.1000 0.0100
0.6380748979088573 9.0000 108 0.1000 0.0100
0.7516953132028643 9.0000 108 0.1000 0.0100
0.6718497336880348 9.0000 108 0.1000 0.0100
0.5196020394153480 9.0000 108 0.1000 0.0100
0.5278511928545020 9.0000 108 0.1000 0.0100
0.5699301153920729 9.0000 108 0.1000 0.0100
0.6292489446176872 9.0000 108 0.1000 0.0100
0.6866542632231202 9.0000 108 0.1000 0.0100
0.5822168677953411 9.0000 108 0.1000 0.0100
0.6206061023906491 9.0000 108 0.1000 0.0100
0.7951109465086003 9.0000 108 0.1000 0.0100
0.5579363406914163 9.0000 108 0.1000 0.0100
0.6944456390019437 9.0000 108 0.1000 0.0100
0.7078219022367982 9.0000 108 0.1000 0.0100
0.7552751345066482 9.0000 108 0.1000 0.0100
0.6313089440891739 9.0000 108 0.1000 0.0100
0.5547135859626903 9.0000 108 0.1000 0.0100
0.7598437555567457 9.0000 108 0.1000 0.0100
0.5786462020447639 9.0000 108 0.1000 0.0100
0.6890713292696646 9.0000 108 0.1000 0.0100
0.6991241266905205 9.0000 108 0.1000 0.0100
0.5695181154977756 9.0000 108 0.1000 0.0100
0.7333109623639953 9.0000 108 0.1000 0.0100
0.5371349238060026 9.0000 108 0.1000 0.0100
0.6295602334267119 9.0000 108 0.1000 0.0100
0.5220740387811322 9.0000 108 0.1000 0.0100
0.5406415006841335 9.0000 108 0.1000 0.0100
0.6299905444274223 9.0000 108 0.1000 0.0100
0.5764580248283846 9.0000 108 0.1000 0.0100
0.6945921278532494 9.0000 108 0.1000 0.0100
0.6145634372742876 9.0000 108 0.1000 0.0100
0.6407757861048068 9.0000 108 0.1000 0.0100
0.7260689197775683 9.0000 108 0.1000 0.0100
0.6614398696921213 9.0000 108 0.1000 0.0100
0.7824121942110347 9.0000 108 0.1000 0.0100
0.7857722822378599 9.0000 108 0.1000 0.0100
0.5843318005860676 9.0000 108 0.1000 0.0100
0.6902798622929370 9.0000 108 0.1000 0.0100
0.7347300731110195 9.0000 108 0.1000 0.0100
0.6628589804391456 9.0000 108 0.1000 0.0100
0.6991607489033469 9.0000 108 0.1000 0.0100
0.6627857360134928 9.0000 108 0.1000 0.0100
0.6004913519957309 9.0000 108 0.1000 0.0100
0.7131962119690771 9.0000 108 0.1000 0.0100
0.7129032342664657 9.0000 108 0.1000 0.0100
0.7045350586356258 9.0000 108 0.1000 0.0100
0.5948789978800801 9.0000 108 0.1000 0.0100
0.7654194874595700 9.0000 108 0.1000 0.0100
0.7670674870367594 9.0000 108 0.1000 0.0100
0.7585345114482007 9.0000 108 0.1000 0.0100
0.5363200795706144 9.0000 108 0.1000 0.0100
0.7719931746619146 9.0000 108 0.1000 0.0100
0.5310190142639885 9.0000 108 0.1000 0.0100
0.6865718632442607 9.0000 108 0.1000 0.0100
0.7798211726535647 9.0000 108 0.1000 0.0100
0.5967741973938481 9.0000 108 0.1000 0.0100
0.7765709512652187 9.0000 108 0.1000 0.0100
0.5329508359905827 9.0000 108 0.1000 0.0100
0.5632831837640755 9.0000 108 0.1000 0.0100
0.6634632469507817 9.0000 108 0.1000 0.0100
0.5703146486267505 9.0000 108 0.1000 0.0100
0.7348948730687385 9.0000 108 0.1000 0.0100
0.7139286562256058 9.0000 108 0.1000 0.0100
0.6240211237367139 9.0000 108 0.1000 0.0100
0.7057344361056915 9.0000 108 0.1000 0.0100
0.7139469673320191 9.0000 108 0.1000 0.0100
0.7113651013277555 9.0000 108 0.1000 0.0100
0.5566911854553176 9.0000 108 0.1000 0.0100
0.7466322922796100 9.0000 108 0.1000 0.0100
0.7328714958100782 9.0000 108 0.1000 0.0100
0.6545365825743388 9.0000 108 0.1000 0.0100
